84
73
128
407
383
160
491
211
256
216
39
187
491
291
218
440
121
153
269
469
52
471
81
328
477
122
87
302
7
386
182
400
216
322
478
23
257
130
485
450
496
115
148
150
455
453
383
121
367
286
2
448
250
241
400
84
43
106
255
364
264
325
495
251
104
414
78
310
381
26
302
332
322
295
396
93
413
214
325
268
409
318
395
9
181
334
155
224
223
318
310
198
445
474
177
392
310
310
477
317
169
497
218
207
3
431
498
246
452
330
341
461
371
116
183
407
347
493
7
103
382
45
200
342
201
323
112
342
429
118
288
261
114
458
114
408
275
471
3
315
433
497
292
120
132
333
277
279
170
20
387
367
498
248
144
456
191
326
259
372
70
313
217
3
119
491
173
23
62
316
244
387
175
332
396
372
187
359
46
297
164
258
476
91
443
490
359
290
490
143
141
47
302
66
106
76
180
439
297
138
273
241
327
172
142
216
369
80
54
270
290
58
37
280
367
48
297
29
54
394
195
226
490
118
484
376
407
302
38
16
118
402
196
343
483
438
192
290
217
321
130
336
199
84
24
451
322
374
33
204
453
480
381
370
52
8
280
152
5
207
473
362
94
381
1
66
10
48
443
388
36
440
234
1
122
284
157
263
126
168
230
406
332
298
314
447
413
201
322
263
264
260
101
82
20
115
484
367
50
348
234
327
338
85
14
187
376
379
161
77
383
437
111
22
486
232
466
163
163
5
158
66
212
29
395
61
294
1
371
376
102
247
285
276
226
468
383
205
18
336
101
103
136
104
127
218
61
85
12
334
264
199
4
74
430
242
476
110
321
191
343
255
122
334
115
355
201
62
268
407
152
61
345
485
322
444
173
43
479
161
73
8
389
84
353
380
378
117
201
280
311
283
110
22
38
27
387
22
77
94
55
215
184
189
17
196
199
190
1
145
347
494
460
250
155
7
343
147
332
362
99
121
351
388
438
198
369
18
466
298
334
184
85
119
395
188
343
299
433
238
469
276
4
416
225
215
127
312
99
147
400
317
254
308
16
8
30
113
315
100
435
421
81
313
450
341
182
132
351
405
40
298
94
336
457
452
379
432
171
113
409
369
60
60
170
357
243
190
2
388
5
143
16
69
140
489
348
119
101
462
140
102
322
386
102
342
402
148
4
489
144
210
58
250
103
340
274
73
348
445
391
186
323
251
318
284
148
116
229
397
405
207
460
438
357
433
359
463
368
183
223
113
6
319
149
73
8
102
74
81
433
42
300
320
269
195
378
136
364
244
434
309
112
236
3
122
264
481
176
101
359
101
491
400
397
189
128
384
154
387
223
489
430
258
303
432
291
389
394
200
358
269
461
411
207
180
117
479
403
38
351
156
298
217
375
118
359
254
148
260
237
132
174
144
473
416
208
449
262
81
172
330
177
9
464
239
289
408
212
191
90
439
258
486
275
383
257
282
452
377
257
139
222
235
9
110
157
476
406
97
209
77
353
372
238
498
235
81
239
434
218
299
373
266
341
169
196
207
61
331
130
403
392
221
146
408
107
18
294
285
471
370
490
16
65
350
481
194
310
362
70
304
186
78
326
438
2
251
19
202
148
471
299
132
183
82
242
220
198
116
431
288
112
455
490
197
410
449
490
346
79
372
113
479
332
319
334
383
251
175
209
359
286
130
426
496
249
345
224
107
37
402
225
41
212
52
370
268
345
372
497
322
85
168
133
348
112
165
75
312
7
105
10
241
81
360
271
10
199
315
337
254
32
232
255
105
387
29
73
5
183
354
14
319
175
13
80
17
321
164
285
364
301
118
110
329
56
236
354
41
493
158
430
13
35
337
232
156
216
403
78
288
195
227
487
166
430
318
350
395
288
198
75
132
381
240
352
134
277
399
327
117
98
293
437
174
493
430
114
223
373
74
278
199
32
78
359
269
457
448
137
27
427
63
258
350
16
450
208
169
420
473
325
412
189
254
253
344
328
5
383
169
237
347
307
482
487
110
368
177
470
279
208
454
284
441
185
463
377
152
125
5
242
485
458
478
465
93
405
377
216
193
80
240
419
435
211
42
325
496
353
56
406
57
500
396
109
305
81
244
197
497
384
161
392
75
67
57
246
134
10
289
28
31
160
462
341
100
467
345
173
4
492
409
320
316
462
38
450
382
428
423
33
494
150
478
441
354
141
244
118
369
460
264
480
10
122
32
283
494
176
457
411
423
271
445
148
268
407
23
389
340
27
52
481
349
456
455
384
81
379
327
424
328
455
205
131
162
188
189
201
474
83
18
206
394
105
218
121
89
145
447
41
92
9
347
468
96
278
388
250
58
419
56
101
427
450
89
289
181
94
322
312
380
295
93
415
211
71
330
69
136
285
216
2
369
466
188
70
113
255
98
443
196
267
270
450
201
226
103
45
307
274
123
463
309
97
16
395
292
86
326
271
17
440
325
406
259
434
312
442
298
179
462
37
434
426
150
259
68
455
107
210
416
313
291
464
321
467
467
428
197
401
335
54
418
132
453
375
468
343
366
472
61
468
58
264
458
242
420
31
285
154
102
178
341
164
456
190
293
385
98
153
355
332
408
385
209
328
288
434
361
346
110
333
227
338
351
315
111
296
252
494
218
287
467
373
422
263
65
465
92
496
105
434
107
149
187
361
265
129
302
74
216
94
143
401
210
384
456
176
320
304
420
281
295
325
190
250
42
467
328
95
394
159
248
229
2
112
376
354
439
339
388
57
346
183
422
60
150
227
364
410
472
90
241
209
215
74
27
12
194
54
61
343
128
476
14
57
353
15
152
53
452
311
369
45
493
432
132
178
2
399
198
140
286
399
18
217
390
348
497
73
211
300
3
84
205
475
372
492
130
23
106
249
17
385
485
221
48
84
159
194
302
366
87
313
379
282
482
96
407
84
304
262
306
342
178
462
103
193
248
293
425
329
24
447
93
310
490
349
388
359
265
31
402
404
425
38
262
123
480
460
167
406
349
119
413
457
239
297
339
482
245
316
409
42
25
207
188
361
396
82
156
354
370
340
19
130
124
412
3
62
201
125
458
335
39
149
65
423
459
115
179
207
137
163
376
134
203
228
326
97
137
350
69
30
499
44
211
111
244
312
132
423
207
252
453
372
234
29
148
315
231
30
404
65
440
210
328
81
122
247
254
108
17
135
167
355
20
31
361
288
77
143
122
423
238
115
328
91
81
75
224
442
108
338
14
15
221
69
97
114
260
28
455
165
356
248
400
247
174
381
357
257
407
170
417
368
203
311
204
178
476
171
15
170
24
196
147
312
148
459
443
339
321
30
153
398
133
240
22
89
490
158
205
422
399
490
392
478
326
251
384
192
31
268
63
15
203
461
462
325
335
363
59
364
91
3
331
423
357
460
118
412
317
68
386
257
355
132
172
438
212
458
213
153
283
180
436
95
107
275
470
410
32
2
264
259
74
327
227
436
197
287
278
41
476
399
56
330
89
256
428
322
204
233
414
425
408
353
240
412
193
455
125
449
485
370
48
328
316
472
424
243
140
336
56
349
272
349
345
13
96
168
188
288
46
331
465
406
49
473
202
276
358
442
352
357
437
442
170
283
378
474
371
421
259
279
470
85
274
488
425
269
470
26
460
254
36
86
204
174
20
378
29
41
98
381
456
303
71
62
205
187
493
353
445
93
77
331
452
360
17
449
256
39
454
288
24
98
470
300
73
255
210
493
59
269
375
322
409
432
177
357
355
275
7
454
346
300
284
254
378
213
167
488
358
313
224
58
287
38
158
119
79
409
449
460
390
162
109
79
225
118
214
414
15
493
277
427
234
113
193
462
84
273
223
292
397
111
231
313
497
308
56
77
21
438
314
273
438
325
69
414
213
314
8
214
278
495
471
164
246
71
405
33
22
437
423
80
223
396
100
230
76
60
250
25
117
237
361
42
153
455
472
393
302
60
201
364
18
355
369
93
183
94
410
268
308
35
481
286
149
117
234
28
174
116
65
67
131
176
132
2
437
480
396
104
294
278
67
500
277
11
72
72
93
497
270
120
474
442
125
31
105
488
424
12
229
216
214
101
68
212
65
92
315
15
350
4
372
485
90
306
317
265
368
238
115
298
272
115
295
136
120
196
427
272
381
192
410
414
141
85
53
476
237
397
64
223
372
437
61
92
126
4
172
40
411
45
436
231
466
368
191
129
132
169
460
70
7
58
160
491
397
181
187
333
66
391
398
433
307
89
458
274
290
467
366
18
290
218
491
247
191
462
481
112
51
127
222
117
129
197
337
284
145
86
97
395
391
106
151
444
116
18
367
40
176
311
185
17
236
10
489
294
489
424
463
157
28
257
165
122
368
364
344
75
452
499
361
119
107
257
339
323
372
426
468
93
318
386
254
119
303
449
15
158
109
140
339
280
128
80
261
141
155
97
429
204
495
144
348
89
101
204
209
454
393
105
269
236
252
95
314
265
402
55
276
10
267
427
317
394
205
480
316
132
36
345
382
47
145
437
363
41
24
80
174
140
173
272
7
140
177
459
494
151
362
454
21
467
428
196
197
169
86
234
150
9
96
143
145
293
108
262
400
387
149
191
155
1
395
117
251
452
184
106
421
301
353
92
37
205
51
162
422
417
416
223
386
347
106
404
226
352
67
159
50
208
138
401
305
199
283
227
265
460
423
80
257
409
287
151
364
119
475
324
245
112
130
227
63
118
340
12
83
499
210
32
132
16
137
40
172
289
234
454
467
54
148
250
478
272
12
191
301
30
58
460
349
112
167
289
476
50
363
62
120
82
133
229
192
142
33
55
495
215
181
335
42
477
343
120
226
386
477
55
217
398
115
15
80
260
463
76
381
404
143
155
485
305
498
121
9
356
274
469
429
73
497
21
371
437
189
272
454
112
216
85
230
246
117
269
206
401
206
367
70
325
197
112
42
363
84
450
338
355
140
295
375
402
45
393
319
101
482
14
339
329
189
489
416
295
192
59
363
86
424
251
32
274
172
377
194
44
44
105
330
408
354
63
461
478
70
316
419
129
84
78
327
156
151
79
463
230
325
87
157
364
314
280
323
104
144
378
148
409
132
53
153
87
329
230
3
330
474
281
229
90
378
229
48
183
92
83
322
347
88
36
362
6
229
124
121
483
417
43
81
188
482
269
4
289
267
197
441
244
323
14
339
141
482
304
115
276
59
108
384
462
109
161
88
28
95
415
329
295
41
404
378
268
133
372
44
304
257
117
169
149
2
100
146
190
12
417
362
458
495
475
482
320
95
420
493
147
297
243
362
404
63
381
381
398
226
123
409
239
45
204
34
15
192
230
472
393
83
117
112
155
479
434
147
397
59
458
432
396
392
25
380
2
267
199
298
436
421
256
331
407
410
158
318
79
299
118
351
379
129
281
117
148
204
141
199
257
262
269
60
444
32
53
266
268
489
200
22
460
27
376
45
225
242
75
50
352
407
5
395
242
153
462
91
170
119
430
328
299
394
405
437
258
299
217
470
63
192
243
299
377
56
323
243
278
45
97
450
84
215
293
270
296
212
12
167
139
155
194
48
210
108
50
115
360
196
393
95
372
289
380
366
105
221
125
103
444
256
128
275
203
80
61
401
224
124
57
221
410
275
368
75
318
105
406
340
231
357
75
418
207
301
429
224
264
84
91
370
144
353
149
250
436
358
450
132
434
377
247
243
328
21
440
437
268
473
312
198
331
91
164
356
177
334
73
126
256
43
93
342
366
396
153
275
186
74
355
149
137
391
300
269
432
488
362
408
55
47
46
235
396
309
494
280
144
153
378
137
324
414
424
36
396
443
485
33
311
186
175
365
392
174
494
257
465
423
104
446
298
475
184
485
472
127
125
124
287
182
271
378
35
117
423
189
76
436
218
310
352
37
373
256
174
147
92
13
63
209
212
443
390
461
359
148
403
433
53
279
50
342
101
282
427
205
278
204
136
258
459
378
494
375
393
89
101
248
465
93
418
68
323
485
247
176
450
54
331
348
8
54
178
348
40
465
107
293
496
127
190
457
208
474
328
427
414
272
485
456
328
410
206
288
427
52
92
450
479
479
399
29
353
20
174
456
370
390
412
432
252
98
418
84
256
309
283
370
260
431
423
227
464
350
372
56
220
473
60
23
337
316
5
466
221
238
440
275
382
334
320
484
28
145
209
366
301
221
368
184
471
42
405
61
292
346
470
145
441
185
400
306
180
160
84
472
175
86
275
430
351
293
482
279
182
320
343
454
394
15
57
253
407
61
310
401
12
183
482
173
156
495
13
94
268
125
121
276
435
58
431
484
124
228
489
170
468
24
282
213
432
271
134
10
159
182
57
48
21
487
407
41
394
99
340
47
342
277
219
349
337
458
127
412
381
295
226
146
68
442
421
305
256
198
115
268
273
90
126
448
453
41
198
43
443
406
432
221
179
454
482
17
14
400
410
206
421
50
401
471
488
266
469
388
152
406
312
72
191
85
325
292
116
367
372
292
159
206
264
22
444
84
473
246
133
420
148
34
460
74
48
13
15
63
215
339
173
87
126
221
400
246
377
381
336
176
179
4
450
454
194
162
197
272
12
169
365
302
99
408
298
88
216
355
481
290
409
451
176
70
77
197
261
245
103
104
291
221
437
283
190
111
493
217
165
374
135
319
410
276
349
257
430
346
204
101
416
304
242
354
392
67
64
137
269
274
304
122
154
254
475
313
412
263
99
150
194
462
137
146
70
159
499
178
128
78
220
348
360
352
15
464
136
140
332
380
369
149
434
370
152
15
294
22
251
413
166
422
149
268
319
212
131
493
484
290
214
288
222
137
180
136
239
497
45
361
71
155
375
232
60
111
458
495
357
378
349
318
3
134
151
132
1
96
110
362
205
471
451
312
266
263
457
258
333
231
120
470
467
200
63
161
382
424
203
335
444
124
94
227
309
498
266
445
85
315
55
378
65
402
294
184
462
48
250
459
199
171
434
201
473
258
65
486
300
348
338
109
32
435
47
322
199
493
304
69
490
365
478
461
258
480
320
475
17
98
433
112
439
478
444
349
204
253
128
449
346
432
136
222
492
492
291
119
421
285
349
173
284
242
313
316
226
15
88
484
90
152
354
16
128
207
490
172
331
222
69
221
106
486
245
356
37
213
99
318
357
238
406
171
240
50
117
292
325
106
316
313
106
160
495
401
5
40
422
162
114
352
450
470
359
338
353
89
438
140
149
125
176
138
363
426
66
165
194
182
265
358
251
448
500
91
273
180
108
111
197
454
29
77
9
358
302
464
471
254
338
259
201
260
289
46
66
430
497
258
466
496
477
458
446
330
357
125
291
486
30
160
107
339
482
111
345
10
3
200
397
375
99
303
428
123
233
243
272
274
318
60
397
370
486
397
467
366
280
20
97
330
154
93
59
151
174
16
354
386
171
247
300
226
51
474
422
305
220
452
133
329
114
48
388
411
282
18
142
485
498
133
357
349
221
493
209
127
251
266
295
280
332
261
404
430
99
248
431
376
148
40
265
93
182
369
99
233
80
155
57
169
46
310
293
219
396
336
169
267
359
27
246
195
13
464
106
55
69
206
400
259
299
138
118
484
235
453
148
297
487
355
412
128
463
151
429
137
408
386
350
105
181
357
205
74
333
81
337
318
68
443
291
115
141
105
407
251
142
218
222
100
27
82
264
311
71
27
403
20
209
494
216
86
2
18
281
453
294
312
83
253
492
200
461
31
203
200
335
58
169
286
213
170
358
409
366
26
314
116
20
229
405
401
457
253
439
128
489
91
280
288
88
243
265
140
73
192
9
500
72
102
92
54
172
343
492
286
96
96
334
256
187
391
466
383
339
450
62
131
283
158
433
276
113
242
320
184
345
352
19
160
385
419
49
182
183
204
471
250
456
252
177
390
222
135
291
471
19
449
143
30
284
134
139
190
467
419
52
154
458
359
278
264
26
246
448
62
132
246
228
179
372
326
200
253
33
44
430
297
214
165
113
272
34
432
72
466
454
472
61
389
36
261
466
461
244
32
15
23
481
479
237
85
165
101
152
385
164
253
358
405
143
215
363
89
319
137
347
393
153
204
109
79
189
280
202
365
431
479
375
71
96
81
123
457
152
141
466
211
64
59
25
429
237
327
354
373
271
198
345
460
291
52
64
48
337
208
493
314
436
164
191
44
118
408
240
347
457
243
470
366
125
371
340
32
82
432
270
318
71
109
178
389
453
460
236
280
485
468
479
78
461
171
268
258
31
415
382
310
234
49
278
37
281
383
78
24
326
227
344
373
215
442
228
424
243
24
255
316
438
208
491
436
8
493
2
465
417
210
412
283
85
264
48
154
431
475
132
260
432
363
153
222
22
50
196
57
154
314
399
352
141
126
70
499
474
332
352
158
77
58
39
487
402
210
268
477
338
389
151
391
499
152
87
31
325
410
114
346
214
486
185
358
212
429
40
490
329
160
167
141
60
263
382
445
456
394
94
212
441
465
139
179
453
485
396
226
186
130
345
411
75
466
247
272
294
296
330
141
387
162
452
135
90
9
1
144
271
364
234
354
238
289
50
490
425
427
482
81
402
361
98
176
372
327
114
484
457
378
127
398
223
472
384
346
490
78
283
314
66
158
76
25
384
449
490
421
332
491
2
211
44
201
368
473
30
479
51
492
374
119
282
166
275
261
327
346
17
328
419
439
223
466
263
47
131
45
5
394
372
252
181
317
497
82
262
418
219
238
376
90
474
36
309
89
357
28
48
45
417
427
170
81
50
262
191
156
221
221
222
248
218
139
167
157
457
333
146
382
297
451
295
217
174
181
203
118
440
461
330
500
134
82
280
403
88
285
84
101
9
44
206
328
402
166
394
408
267
494
421
81
80
94
394
418
2
161
415
139
488
218
407
77
359
72
165
302
285
486
247
160
453
284
262
410
381
201
402
61
61
311
310
132
39
187
84
198
354
109
243
191
374
209
382
401
3
60
91
344
55
471
427
122
338
360
151
25
82
299
259
187
427
371
47
102
318
168
369
11
2
215
129
142
344
378
162
438
72
76
431
278
378
379
21
280
82
200
268
274
488
439
33
398
332
288
5
451
324
48
136
436
7
91
307
403
113
252
435
482
11
209
407
494
495
67
326
370
197
52
222
352
261
312
480
191
362
476
161
315
432
289
310
389
490
370
421
475
235
272
429
128
95
429
98
216
270
307
342
173
71
185
237
395
126
273
42
77
491
102
316
289
265
498
481
493
317
308
433
433
472
170
482
423
217
455
224
134
81
193
387
187
29
198
187
211
147
373
213
258
46
86
113
484
368
166
94
443
427
114
14
298
437
284
374
415
485
296
68
225
157
348
125
435
368
258
457
395
224
313
39
282
439
251
34
461
484
439
236
251
340
157
112
101
277
271
355
165
497
175
119
240
404
482
42
199
305
256
478
169
488
466
33
383
49
11
318
491
152
221
320
358
355
207
146
212
150
22
416
233
58
439
308
271
340
497
468
406
19
171
224
268
437
349
247
16
331
66
303
204
194
64
233
222
144
411
258
75
99
12
64
436
282
376
298
413
78
277
233
14
266
217
296
159
132
74
271
416
461
485
446
321
88
250
480
50
318
272
78
126
313
181
266
435
106
322
250
403
52
73
250
154
420
406
164
421
205
246
472
411
6
2
39
412
226
63
271
97
381
24
329
455
406
202
496
350
89
186
197
91
420
66
483
361
476
64
22
32
221
295
38
498
299
327
146
104
447
388
168
285
156
216
152
335
376
479
158
461
38
365
479
270
435
25
282
84
305
398
193
124
494
333
137
443
292
111
289
418
320
468
190
245
482
480
179
475
305
214
322
281
162
400
279
454
169
101
94
2
232
312
213
423
194
84
77
250
222
73
438
11
429
150
234
125
270
433
215
178
431
434
286
17
189
162
229
42
184
460
74
385
234
131
421
368
13
400
457
332
324
343
434
86
38
191
263
288
359
473
187
357
186
371
230
222
106
98
490
172
202
327
269
288
432
358
435
487
456
366
437
295
416
421
15
315
430
29
143
246
384
140
99
255
395
214
311
119
388
100
37
90
304
219
286
391
6
357
42
388
139
240
376
412
434
217
472
371
265
105
126
166
122
275
343
187
26
224
420
260
19
249
494
28
453
439
232
14
33
461
353
254
61
354
368
98
424
73
222
444
67
36
381
233
196
29
190
298
57
223
284
195
407
126
191
275
352
77
357
387
116
218
232
67
333
187
66
319
234
28
306
391
261
498
285
125
310
60
203
13
39
309
330
367
72
352
424
204
103
307
368
282
122
8
237
39
464
389
498
10
109
450
237
217
185
401
114
295
6
422
276
461
453
131
461
90
147
179
59
368
358
462
85
277
326
381
74
285
169
47
376
202
240
14
304
370
235
355
287
141
413
111
342
348
153
150
266
82
319
145
239
115
162
135
414
500
38
170
176
257
298
346
498
60
450
61
68
24
257
294
426
365
13
283
100
357
333
450
61
78
450
411
195
365
300
286
19
294
175
454
284
90
256
405
343
278
21
261
2
334
348
202
167
255
203
277
352
222
314
445
235
382
96
178
343
293
24
295
195
404
456
404
335
315
228
198
151
355
318
219
117
152
103
391
421
130
5
106
125
18
328
93
187
33
423
466
399
456
117
362
215
147
293
179
92
69
134
486
170
435
216
136
188
63
12
158
215
484
79
418
349
279
416
237
274
428
337
392
146
139
352
364
39
124
41
478
483
328
124
395
301
492
133
222
282
482
129
372
391
212
217
4
7
268
401
483
62
401
174
1
252
218
305
56
363
377
405
440
268
71
146
135
227
314
497
136
489
42
446
206
177
435
36
237
70
38
2
238
268
478
65
362
451
175
281
19
347
286
396
71
164
183
54
391
59
345
296
171
483
398
453
180
325
152
426
426
100
292
105
395
454
57
440
154
317
411
418
95
426
326
214
468
98
252
63
298
359
289
427
419
229
40
150
43
166
337
250
159
108
400
306
492
90
115
406
384
185
200
119
311
202
417
112
192
320
280
136
421
110
40
171
496
46
75
133
273
58
11
56
315
446
297
51
105
38
189
288
367
155
345
372
488
333
308
50
91
369
460
270
389
423
152
200
248
95
476
359
14
7
94
260
280
347
142
312
224
36
255
355
357
327
341
72
399
434
42
375
300
410
412
483
7
66
440
321
413
9
16
44
390
393
369
256
342
368
335
7
466
318
27
305
315
270
339
289
275
487
97
89
77
246
143
17
59
328
287
296
263
465
388
33
424
317
448
309
161
449
497
386
233
199
243
478
186
415
396
66
438
225
99
331
159
435
46
364
400
264
4